7790580144395, NO_ENCONTRADO
7790580143244, NO_ENCONTRADO
7790580141516, NO_ENCONTRADO
7790580143527, NO_ENCONTRADO
7790580144142, NO_ENCONTRADO
7790580141509, 314376
7790580143008, 314377
7790580141943, NO_ENCONTRADO
7790580143763, NO_ENCONTRADO
7790580143237, 314372
7790580142490, NO_ENCONTRADO
7790580129965, 286548
7790580129576, NO_ENCONTRADO
7790580131845, NO_ENCONTRADO
7790580131784, 286545
7790580130381, 286546
7790580129620, NO_ENCONTRADO
7790580129972, 286549
7790580129880, 286550
7790580132774, 286544
7790580129958, 286547
7790580129644, 286552
7790040143500, 311224
7790040143531, 311223
7790040147720, 313302
7790040135741, NO_ENCONTRADO
7790040140943, 313295
7790040140936, 313294
7790040145023, NO_ENCONTRADO
7790040135758, NO_ENCONTRADO
7790040142985, 309274
7790040143227, 311225
7790040143234, 311226
7790040148864, NO_ENCONTRADO
7790040148857, NO_ENCONTRADO
7790040142992, 309272
7790040143241, 311228
7790040116955, NO_ENCONTRADO
7790040143807, 312472
7790040127944, 284501
7790040143739, NO_ENCONTRADO
7790040143821, NO_ENCONTRADO
7790040143753, NO_ENCONTRADO
7790040143692, NO_ENCONTRADO
7790040143777, 312471
7790040143784, 312473
7790040143814, NO_ENCONTRADO
7790040143265, 312158
7790040143364, 311230
7790040139909, 294184
7790040139916, 294186
7790040139961, NO_ENCONTRADO
7790040139923, 294178
7790040139930, 294180
7790040139893, 294183
7790040137912, NO_ENCONTRADO
7790040133242, 282679
7790040133266, 282680
7790040133259, NO_ENCONTRADO
7790040151901, NO_ENCONTRADO
7790040137837, 291902
7790040137844, 291904
7790040133235, 282678
7790040139770, 294192
7790040143548, 311934
7790040143555, 312484
7790040139657, 292473
7790040139091, 292536
77940131, NO_ENCONTRADO
77975737, NO_ENCONTRADO
77993540, NO_ENCONTRADO
7790580401504, NO_ENCONTRADO
77903501, NO_ENCONTRADO
7790040008175, 174564
77903518, NO_ENCONTRADO
7790040132689, 282675
7790040151192, NO_ENCONTRADO
7790040143517, 312155
7790040143524, 311937
7790040133488, NO_ENCONTRADO
7790040133471, 282668
7790040377806, NO_ENCONTRADO
7790040139015, NO_ENCONTRADO
7790040377707, NO_ENCONTRADO
7790040124509, 278079
7790040136243, 289711
7790040136076, NO_ENCONTRADO
7790040136083, NO_ENCONTRADO
7790040132955, 282355
7790040132962, 282354
7790040144033, 312903
7790040173200, 178481
7790040003606, NO_ENCONTRADO
7790040144125, 312902
7790040719804, 163264
7790040003569, 101335
7790040374706, NO_ENCONTRADO
7790580697303, 139319
7790040141254, 315364
7790040147775, NO_ENCONTRADO
7790040144088, 311935
7790040143920, 315329
7790040144095, 311216
7790040143937, 312904
7790040143944, 312905
7790040144071, 312159
7790040142763, NO_ENCONTRADO
7790040133587, NO_ENCONTRADO
7790040133594, 292546
7790040991910, NO_ENCONTRADO
7790040375000, NO_ENCONTRADO
7790040129764, NO_ENCONTRADO
7790040613607, 113860
7790040613706, 113858
7790040613904, 132292
7790040614000, NO_ENCONTRADO
7790040150010, NO_ENCONTRADO
7790040150072, 317788
7790040659605, NO_ENCONTRADO
7790040405301, 270444
7790040953703, NO_ENCONTRADO
7790580142384, NO_ENCONTRADO
7790580131135, NO_ENCONTRADO
7790580131111, NO_ENCONTRADO
7790580147556, NO_ENCONTRADO
7790580142414, NO_ENCONTRADO
7790580392604, NO_ENCONTRADO
7790580346614, NO_ENCONTRADO
7790580146948, NO_ENCONTRADO
7790580346508, 136955
7790580109646, 258397
7790580141301, NO_ENCONTRADO
7790580141714, NO_ENCONTRADO
7790580142513, NO_ENCONTRADO
7790580141394, NO_ENCONTRADO
7790580131562, NO_ENCONTRADO
7790580146856, NO_ENCONTRADO
7790580131586, NO_ENCONTRADO
7790580121716, 318427
7790580121723, 318428
7790580123215, 318429
7790580123222, 318425
7790580141707, NO_ENCONTRADO
7790580111755, 266486
7790580123741, 279729
7790580135942, NO_ENCONTRADO
7790580122652, NO_ENCONTRADO
7790580118235, NO_ENCONTRADO
7790580151539, NO_ENCONTRADO
7790580139872, NO_ENCONTRADO
77947505, NO_ENCONTRADO
7790580131371, 285115
77953537, NO_ENCONTRADO
77961815, NO_ENCONTRADO
77990679, NO_ENCONTRADO
7790580119157, 243392
77958921, NO_ENCONTRADO
7790580146924, NO_ENCONTRADO
77956712, NO_ENCONTRADO
7790580300609, NO_ENCONTRADO
7790580135775, NO_ENCONTRADO
77989772, NO_ENCONTRADO
77990754, NO_ENCONTRADO
7790580131388, 285114
7790580106195, 236399
7790580139223, NO_ENCONTRADO
7790580106027, NO_ENCONTRADO
7790580136444, NO_ENCONTRADO
7790580141738, NO_ENCONTRADO
7790580111243, NO_ENCONTRADO
7790580139780, NO_ENCONTRADO
7790580139797, NO_ENCONTRADO
7790580120085, 318430
7790580327415, 153242
7790580107635, 245329
7790580327613, NO_ENCONTRADO
7790580116583, 263930
7790580418106, NO_ENCONTRADO
7790580415808, 100962
7790580423001, NO_ENCONTRADO
7790580120078, 318431
7790580463403, 263895
7790580587802, NO_ENCONTRADO
7790580120092, NO_ENCONTRADO
7790580607418, 178542
7790580607210, 228529
7790580104375, NO_ENCONTRADO
7790580135140, NO_ENCONTRADO
7790580123734, NO_ENCONTRADO
7790580102852, NO_ENCONTRADO
7790580102890, 318433
7790580103279, 318435
7790580118655, 318437
7790580146047, 313026
7790580103415, NO_ENCONTRADO
7790580103446, 172991
7790580103453, 232997
7790580103439, NO_ENCONTRADO
7790580033408, 172994
77948403, NO_ENCONTRADO
7790580103743, 232312
77981912, NO_ENCONTRADO
7790580105013, 244925
77953124, NO_ENCONTRADO
77922120, NO_ENCONTRADO
7790580115579, 266487
7790580115562, NO_ENCONTRADO
7790580103538, 243774
7790580132750, NO_ENCONTRADO
7790580033507, NO_ENCONTRADO
7790580127336, NO_ENCONTRADO
77960474, NO_ENCONTRADO
7790580132958, NO_ENCONTRADO
7790580146092, 312465
7790580116842, 265299
7790580106560, 245331
7790580123642, NO_ENCONTRADO
7794612066310, 101926
7794612065719, 101924
77916389, NO_ENCONTRADO
77916396, NO_ENCONTRADO
77939753, NO_ENCONTRADO
77951113, NO_ENCONTRADO
7790580120702, 272308
7622202236846, NO_ENCONTRADO
7622201682026, NO_ENCONTRADO
7622201702717, 293969
7622201702625, 293968
7622201703080, 284852
7622201702687, NO_ENCONTRADO
7622201703202, NO_ENCONTRADO
7622201702656, NO_ENCONTRADO
7622201704148, NO_ENCONTRADO
7622201703110, 293972
7622201703059, NO_ENCONTRADO
7622201703141, 293971
7622201703233, NO_ENCONTRADO
7622201703172, 284377
7622201735746, 294294
7622201745738, NO_ENCONTRADO
7622201745967, NO_ENCONTRADO
7622201745936, NO_ENCONTRADO
7622201746490, NO_ENCONTRADO
7622201735685, 284372
7622201733865, NO_ENCONTRADO
7622201705992, 284869
7622201735715, 294293
7622201745707, 294296
7622201735777, 294295
7622201735371, 284371
7622201735340, 294291
7622201705961, 294290
7622202241505, NO_ENCONTRADO
7622202241567, 315408
7622202218729, 312520
7622300742645, 186498
7622300829728, 219280
7794600004539, 100652
7622202210051, 320353
7622202210075, 316315
7622201735845, NO_ENCONTRADO
7622202049033, 313957
7622201735258, NO_ENCONTRADO
7622201735296, 290324
7622201735821, 290492
7622202302862, NO_ENCONTRADO
7622202049057, NO_ENCONTRADO
7622201806538, 284284
7622201761288, 226274
7622202219337, NO_ENCONTRADO
7622202038099, 312235
7622201806552, 288807
7622201740368, NO_ENCONTRADO
7622201735906, 290331
7622201740399, 267151
7622201735883, 290330
7622201808884, 283896
7622300742676, 186094
7622201735319, 286194
7622201386719, NO_ENCONTRADO
7622201504007, NO_ENCONTRADO
7622201808860, 283897
7622201385279, 285272
7622201385255, NO_ENCONTRADO
7622201745585, 290328
7622201745561, 290329
7622300335076, 144397
7622201745547, 219298
7622201503987, 296347
7622201745639, NO_ENCONTRADO
7622201503963, 296348
7622201745905, 296346
7622201736033, 296345
7622201745981, NO_ENCONTRADO
7622201746032, NO_ENCONTRADO
7622201753061, 190250
7622202293733, 321231
7622300990749, 270205
7622210691835, 270204
77903778, NO_ENCONTRADO
7622202220074, NO_ENCONTRADO
7622300759490, 191741
7622300759506, NO_ENCONTRADO
77903785, NO_ENCONTRADO
7622300457303, 165423
7622300835620, NO_ENCONTRADO
77976307, NO_ENCONTRADO
77915481, NO_ENCONTRADO
7622202304705, NO_ENCONTRADO
7622202223372, NO_ENCONTRADO
77956699, NO_ENCONTRADO
7622300742584, 186009
77939234, NO_ENCONTRADO
7622202296291, NO_ENCONTRADO
77903792, NO_ENCONTRADO
77903860, NO_ENCONTRADO
77908308, NO_ENCONTRADO
7622210788207, 270578
7622210719829, NO_ENCONTRADO
7622201492465, 277562
7622201492717, 257094
7622300335090, 145355
77995681, NO_ENCONTRADO
7622300742935, 186684
7622201803285, 186008
77976291, NO_ENCONTRADO
77971630, NO_ENCONTRADO
77981325, NO_ENCONTRADO
7622201818654, NO_ENCONTRADO
7622201807405, NO_ENCONTRADO
7622201818609, 284447
7622201800505, NO_ENCONTRADO
7622201818739, NO_ENCONTRADO
7622201818579, 284446
7622201818715, NO_ENCONTRADO
7622201818692, NO_ENCONTRADO
7622210795625, 272200
7622210745620, 271351
7622300990152, 265279
7622300844967, 229932
7622300990114, 265277
7622300134532, NO_ENCONTRADO
7622210745293, 271466
7622300990183, 265280
7622202328947, 271350
7622300844943, 229924
7622201812775, 284437
7622201818951, 284450
7622201812805, NO_ENCONTRADO
7622201812744, 284436
7622201818937, ERROR
7622201818975, NO_ENCONTRADO
7622210828606, 272202
7622210732507, NO_ENCONTRADO
7622300757717, NO_ENCONTRADO
7622300846565, 241761
7622300631574, NO_ENCONTRADO
7622210745132, NO_ENCONTRADO
7622300990213, NO_ENCONTRADO
7622210795908, 272201
7622210277503, NO_ENCONTRADO
9012200872739, NO_ENCONTRADO
7622202322150, NO_ENCONTRADO
7622202322181, NO_ENCONTRADO
7622202257599, NO_ENCONTRADO
7622202322068, NO_ENCONTRADO
7622202322129, NO_ENCONTRADO
7622210745583, 271464
77914217, NO_ENCONTRADO
7622300424084, 238785
7791249451656, 266726
77983992, NO_ENCONTRADO
7614500010013, NO_ENCONTRADO
77969101, NO_ENCONTRADO
77987686, NO_ENCONTRADO
77969118, NO_ENCONTRADO
7622201448325, NO_ENCONTRADO
7622201421496, NO_ENCONTRADO
7622201457334, 284382
7622201448226, NO_ENCONTRADO
77981844, NO_ENCONTRADO
77969088, NO_ENCONTRADO
77969071, NO_ENCONTRADO
77969095, NO_ENCONTRADO
7622202273131, NO_ENCONTRADO
7792180143273, 308652
7792180143280, 308653
7792180009524, 266226
7792200001125, NO_ENCONTRADO
7792200000319, 866750
7792200000128, NO_ENCONTRADO
7792200000791, 889563
7891962032283, 163756
7891962071152, 315039
7891962071169, NO_ENCONTRADO
7891962032306, 163757
7891962032290, 163758
7891962058399, NO_ENCONTRADO
7891962058405, NO_ENCONTRADO
7792360096818, 100487
7792360096825, 102003
7792360096634, 312184
8008698005491, 319340
8008698010402, 319339
8008698008157, 319337
8008698001905, 319338
7798128002145, 294544
7798128000677, 294538
7798128000691, 294540
7798128000707, 294539
7798128000684, 294541
7798128002138, 294542
7790369000089, 447143
7790369001055, 313970
7790369008238, 313972
7790369007903, 313975
7790369007811, 447152
7790369007835, 447076
7790369007828, 313974
7790369000294, NO_ENCONTRADO
7790045824893, 147995
7790045825401, 155260
7790045001188, 862010
7790045001195, NO_ENCONTRADO
1, NO_ENCONTRADO
7790040150461, NO_ENCONTRADO
7790040146877, 313299
7790040145337, 313301
7790263119658, NO_ENCONTRADO
7790263119641, 279979
7790263119634, 279372
7790263119665, 294364
7795735000335, 931250
7795735000342, 931268
7793450000159, NO_ENCONTRADO
7793450000142, 292953
7793450000593, NO_ENCONTRADO
7793450000364, 453457
7793450000128, NO_ENCONTRADO
7793450000111, NO_ENCONTRADO
7798128417802, NO_ENCONTRADO
7798128410032, NO_ENCONTRADO
7798128410070, 145666
7798128410117, NO_ENCONTRADO
7798184451352, 315232
7798184451215, 315231
7798004241187, NO_ENCONTRADO
7798004241248, NO_ENCONTRADO
7798186032924, NO_ENCONTRADO
7792280006287, NO_ENCONTRADO
7792280006270, NO_ENCONTRADO
7798160700610, 317016
7798160700603, NO_ENCONTRADO
7798160700627, NO_ENCONTRADO
7798160700573, 315224
7798160700597, NO_ENCONTRADO
7798144940223, NO_ENCONTRADO
7798144940469, NO_ENCONTRADO
7798144940155, NO_ENCONTRADO
7798144941039, NO_ENCONTRADO
7798144940131, 199561
7798144941244, 254426
7790369000997, 313973
7791568000849, 299524
7791568000702, NO_ENCONTRADO
7791568001044, 294548
7791568005615, 299523
7791568000719, NO_ENCONTRADO
7791568000955, NO_ENCONTRADO
7791568001037, 294547
7791568006100, 294546
7798126073598, NO_ENCONTRADO
7798126072256, 291726
7798126072232, NO_ENCONTRADO
7798126072591, 291729
7798126071273, NO_ENCONTRADO
7798126070948, 281295
7798126071747, 281297
7798126070931, 281293
7798343751507, 321386
7798343751521, 321387
7790412000011, NO_ENCONTRADO
7790412000288, 295731
7798032380247, NO_ENCONTRADO
7791568005714, 299526
7791568005660, 299527
7790077000326, 279934
7790077000067, NO_ENCONTRADO
7790077001354, NO_ENCONTRADO
7795643021651, 312073
7798172410828, NO_ENCONTRADO
7798172410781, NO_ENCONTRADO
7795643020227, 298053
7792683502102, 318524
7790077001293, 309331
7795643101421, 312078
7795643101438, 312077
7791568006421, 315429
7791568006438, 315430
7795643101445, 312076
7790077001309, 309332
7798172410149, 278792
7791787100207, 101128
7795643021507, 316244
7791787100863, 275836
7791787100887, 275835
7791787100191, 173439
7791787100184, 100342
7791568006407, 312080
7798172410132, 278791
7791568006414, 314777
7791568005929, NO_ENCONTRADO
7791568005905, NO_ENCONTRADO
200065441211, NO_ENCONTRADO
7798125810774, NO_ENCONTRADO
7798125811092, 310946
7798125811009, 296284
7798125811023, 295927
7798125811061, 312733
7798125810781, 279865
7798125811085, 310945
7798125811238, NO_ENCONTRADO
7798125811245, NO_ENCONTRADO
7798134783045, 281943
7798134783052, 281944
7797675001045, 280777
7793209000362, 257434
7793209000171, NO_ENCONTRADO
7793209000355, 290385
7793209000331, 257432
7793209000157, NO_ENCONTRADO
7793209904127, NO_ENCONTRADO
7793209000461, 290387
7793209903649, 290384
7793209000348, 257433
7793209000140, NO_ENCONTRADO
7798187760147, 285157
7798187760130, 285158
7798187760161, 285159
7798187760390, 296530
7798187760383, NO_ENCONTRADO
7790263119733, 298652
7790263119726, 298651
7790263119627, 279977
7790263119702, 298650
7790263119689, 298649
7790263119610, 279976
7790263119597, 279371
7790263119603, 279980
7790040146143, 312489
7790040139183, NO_ENCONTRADO
7790040139176, 294176
7790040139169, 294175
7790040139640, 294190
7790077000135, NO_ENCONTRADO
7790071090125, 309631
7798181511257, NO_ENCONTRADO
7798181511240, NO_ENCONTRADO
7798181510847, 281316
7798181511004, 308704
7798181511011, NO_ENCONTRADO
7798181510786, 281315
7798181510182, NO_ENCONTRADO
7798181510014, NO_ENCONTRADO
7798181510267, NO_ENCONTRADO
7798181510021, NO_ENCONTRADO
7798054220156, NO_ENCONTRADO
7798054220781, NO_ENCONTRADO
7798054220804, NO_ENCONTRADO
7798054220811, NO_ENCONTRADO
7798054220606, 299903
7798054220293, NO_ENCONTRADO
7798054220590, NO_ENCONTRADO
7790380023432, 279298
7790380023487, 313081
7790040133228, NO_ENCONTRADO
7790040133211, 312486
7792200020119, 150636
7792200000159, 858170
7792200000777, 873381
7891962060460, NO_ENCONTRADO
7891962060477, 281043
7891962060453, 281040
7795735000328, 931241
8008698002070, 319342
8008698028582, 319336
7790045001133, 136220
7790045001379, 136131
7790045827733, 317272
7790045827740, NO_ENCONTRADO
7790045826200, 277474
7790045826095, NO_ENCONTRADO
7792180146120, 321318
7792180146144, 321321
7792180146137, 321322
7792180146090, 321317
7792180146106, 321319
7790040143012, 310732
7790040143005, 310733
7790040143593, NO_ENCONTRADO
7790040143586, 311941
7798128410094, NO_ENCONTRADO
7798128410063, NO_ENCONTRADO
7798184451383, NO_ENCONTRADO
7798144941336, 278692
7798144940384, NO_ENCONTRADO
7790503000333, 265708
7790503000326, 265707
7790070418463, NO_ENCONTRADO
7793450000876, NO_ENCONTRADO
7794906040217, NO_ENCONTRADO
7794906040286, NO_ENCONTRADO
7794906040262, NO_ENCONTRADO
7794906040279, NO_ENCONTRADO
7794906040200, NO_ENCONTRADO
7794906040194, NO_ENCONTRADO
7790412001759, NO_ENCONTRADO
7790412002084, 320352
7790412001315, 294408
7790412001919, 294439
7790412001735, NO_ENCONTRADO
7790412000981, 294407
7790412000271, 295730
7790412000295, 295732
7792180145444, NO_ENCONTRADO
8124687002002, NO_ENCONTRADO
7792180145420, NO_ENCONTRADO
7795643020210, 312075
7792683501105, 318525
7798033900437, 278423
7798033900406, 280493
7798033900420, 278422
7798033900413, 281304
7798141972524, 318218
7798141972517, 318219
656750790489, NO_ENCONTRADO
656750790502, NO_ENCONTRADO
656750790472, NO_ENCONTRADO
656750790496, NO_ENCONTRADO
7791568006377, 312082
7791568006360, NO_ENCONTRADO
7791568006384, 312079
7791568006391, 312081
7798125810361, NO_ENCONTRADO
7798125810354, 708065
7798125810385, 708072
7798125810521, 708071
7798125810347, 708066
7798125810750, NO_ENCONTRADO
7798125810767, 708935
7798125810446, 708069
7798125811214, 715144
7798125811221, 715145
7790495004401, 280543
7790495004395, 280544
7792180145437, NO_ENCONTRADO
7792180006448, 250601
7792180006462, 250603
7792180006455, 250602
7792180007315, 253961
7792180007346, 253959
7792180007254, 253957
7792180007285, 253958
7790071070417, 309645
7790071090231, 309629
7790071090330, 309638
7790071070134, 309639
7790071070516, 309646
7790071070219, 309647
7790071090422, 309632
7798181510212, NO_ENCONTRADO
7798181510229, NO_ENCONTRADO
7790310984475, 285003
7790310984444, 284909
7790310983256, NO_ENCONTRADO
7790310983270, 281737
7793890261844, NO_ENCONTRADO
7790070418289, 284537
7790070418203, 284535
7790070418241, 284532
7790070418326, NO_ENCONTRADO
77934499, NO_ENCONTRADO
77934505, NO_ENCONTRADO
77930057, NO_ENCONTRADO
7798128002459, NO_ENCONTRADO
7790380025191, NO_ENCONTRADO
7792180145390, NO_ENCONTRADO
7792180145406, 317907
7792180145413, 317908
7798184451413, 315229
7798184451192, NO_ENCONTRADO
7798184451123, NO_ENCONTRADO
7798184451369, 315227
7798415000076, 318052
7798415000083, NO_ENCONTRADO
7798415000021, NO_ENCONTRADO
7798415000014, NO_ENCONTRADO
7798171732952, 296477
7798181511370, NO_ENCONTRADO
7790380023579, 313082
7790380023630, NO_ENCONTRADO
77909923, NO_ENCONTRADO
77911018, NO_ENCONTRADO
77910080, NO_ENCONTRADO
7792430903831, NO_ENCONTRADO
7792430095741, NO_ENCONTRADO
7792430095833, NO_ENCONTRADO
7792430902742, NO_ENCONTRADO
7792430903480, NO_ENCONTRADO
7792430902773, NO_ENCONTRADO
7792430902711, NO_ENCONTRADO
7792430902704, NO_ENCONTRADO
7792430609221, NO_ENCONTRADO
7792430902940, NO_ENCONTRADO
7792430370701, NO_ENCONTRADO
7792360097969, NO_ENCONTRADO
7790070431905, NO_ENCONTRADO
7790070411952, NO_ENCONTRADO
7790380037767, NO_ENCONTRADO
7790380037774, NO_ENCONTRADO
7790380033196, NO_ENCONTRADO
7790380013594, NO_ENCONTRADO
80052760, NO_ENCONTRADO
80761761, NO_ENCONTRADO
7891000422052, NO_ENCONTRADO
7891000248799, 267590
7891000441039, NO_ENCONTRADO
7891000379028, 299968
7792860007925, NO_ENCONTRADO
7792860000810, NO_ENCONTRADO
7798136349331, NO_ENCONTRADO
7798136347993, NO_ENCONTRADO
7798136347559, NO_ENCONTRADO
7798136347290, NO_ENCONTRADO
7798136349348, NO_ENCONTRADO
7798136347504, NO_ENCONTRADO
7798136347511, NO_ENCONTRADO
7798136348006, NO_ENCONTRADO
7798136347610, NO_ENCONTRADO
7790380026426, 318411
7792360072447, 226492
7792360072461, NO_ENCONTRADO
8410740910590, NO_ENCONTRADO
8410740901918, NO_ENCONTRADO
8410740910569, NO_ENCONTRADO
8410740910576, NO_ENCONTRADO
8410740911733, NO_ENCONTRADO
8410740910583, NO_ENCONTRADO
8410740907064, NO_ENCONTRADO
7795522000128, NO_ENCONTRADO
7795522002559, NO_ENCONTRADO
7795522000333, NO_ENCONTRADO
7795522002801, NO_ENCONTRADO
7795522404681, NO_ENCONTRADO
7793890261530, NO_ENCONTRADO
7793209904028, NO_ENCONTRADO
7793209904035, NO_ENCONTRADO
7793209904042, NO_ENCONTRADO
7792360098003, NO_ENCONTRADO
7792360097983, NO_ENCONTRADO
7891000067253, NO_ENCONTRADO
7891000392775, NO_ENCONTRADO
7891000404249, NO_ENCONTRADO
7798136349621, NO_ENCONTRADO
7891000391068, NO_ENCONTRADO
8445291565203, 318300
8410740050616, NO_ENCONTRADO
8410740910743, NO_ENCONTRADO
8410740903547, NO_ENCONTRADO
8410740905817, NO_ENCONTRADO
7898024397861, NO_ENCONTRADO
7898024396994, 281047
7861002900117, 105542
78909434, NO_ENCONTRADO
8000500009673, 186781
7898024397151, NO_ENCONTRADO
7792430095826, 281579
7792430095840, NO_ENCONTRADO
7792430095420, NO_ENCONTRADO
7792430608651, NO_ENCONTRADO
7790380037811, NO_ENCONTRADO
7790380037828, NO_ENCONTRADO
7790380037736, NO_ENCONTRADO
7790380011880, NO_ENCONTRADO
7792860007680, 240006
7798136340031, NO_ENCONTRADO
7798136347818, NO_ENCONTRADO
8410740924894, NO_ENCONTRADO
7798151950697, NO_ENCONTRADO
7795522000173, NO_ENCONTRADO
7795522004089, NO_ENCONTRADO
7795522002825, NO_ENCONTRADO
7792360097976, NO_ENCONTRADO
7790380032458, NO_ENCONTRADO
78602731, NO_ENCONTRADO
7861002900421, NO_ENCONTRADO
78931053, NO_ENCONTRADO
40084107, NO_ENCONTRADO
7797394002453, NO_ENCONTRADO
7898024395867, 208827
7797394001555, 208831
7795522004195, NO_ENCONTRADO
7790380032632, NO_ENCONTRADO
77949707, NO_ENCONTRADO
77949677, NO_ENCONTRADO
80050094, NO_ENCONTRADO
7792360072423, NO_ENCONTRADO
8445291565173, 318304
8445291565333, 318303
8445291565395, NO_ENCONTRADO
8445291565364, 318301
8445291565425, NO_ENCONTRADO
7891000368893, NO_ENCONTRADO
7891000369098, NO_ENCONTRADO
7891000368992, NO_ENCONTRADO
7790380040286, NO_ENCONTRADO
77948335, NO_ENCONTRADO
7798036732196, 102020
7798036732172, 102019
