7790580144395, NO_ENCONTRADO
7790580143244, NO_ENCONTRADO
7790580141516, NO_ENCONTRADO
7790580143527, NO_ENCONTRADO
7790580144142, NO_ENCONTRADO
7790580141509, 314376
7790580143008, 314377
7790580141943, NO_ENCONTRADO
7790580143763, NO_ENCONTRADO
7790580143237, 314372
7790580142490, NO_ENCONTRADO
7790580129965, 286548
7790580129576, NO_ENCONTRADO
7790580131845, NO_ENCONTRADO
7790580131784, 286545
7790580130381, 286546
7790580129620, NO_ENCONTRADO
7790580129972, 286549
7790580129880, 286550
7790580132774, 286544
7790580129958, 286547
7790580129644, 286552
7790040143500, 311224
7790040143531, 311223
7790040147720, 313302
7790040135741, NO_ENCONTRADO
7790040140943, 313295
7790040140936, 313294
7790040145023, NO_ENCONTRADO
7790040135758, NO_ENCONTRADO
7790040142985, 309274
7790040143227, 311225
7790040143234, 311226
7790040148864, NO_ENCONTRADO
7790040148857, NO_ENCONTRADO
7790040142992, 309272
7790040143241, 311228
7790040116955, NO_ENCONTRADO
7790040143807, 312472
7790040127944, 284501
7790040143739, NO_ENCONTRADO
7790040143821, NO_ENCONTRADO
7790040143753, NO_ENCONTRADO
7790040143692, NO_ENCONTRADO
7790040143777, 312471
7790040143784, 312473
7790040143814, NO_ENCONTRADO
7790040143265, 312158
7790040143364, 311230
7790040139909, 294184
7790040139916, 294186
7790040139961, NO_ENCONTRADO
7790040139923, 294178
7790040139930, 294180
7790040139893, 294183
7790040137912, NO_ENCONTRADO
7790040133242, 282679
7790040133266, 282680
7790040133259, NO_ENCONTRADO
7790040151901, NO_ENCONTRADO
7790040137837, 291902
7790040137844, 291904
7790040133235, 282678
7790040139770, 294192
7790040143548, 311934
7790040143555, 312484
7790040139657, 292473
7790040139091, 292536
77940131, NO_ENCONTRADO
77975737, NO_ENCONTRADO
77993540, NO_ENCONTRADO
7790580401504, NO_ENCONTRADO
77903501, NO_ENCONTRADO
7790040008175, 174564
77903518, NO_ENCONTRADO
7790040132689, 282675
7790040151192, NO_ENCONTRADO
7790040143517, 312155
7790040143524, 311937
7790040133488, NO_ENCONTRADO
7790040133471, 282668
7790040377806, NO_ENCONTRADO
7790040139015, NO_ENCONTRADO
7790040377707, NO_ENCONTRADO
7790040124509, 278079
7790040136243, 289711
7790040136076, NO_ENCONTRADO
7790040136083, NO_ENCONTRADO
7790040132955, 282355
7790040132962, 282354
7790040144033, 312903
7790040173200, 178481
7790040003606, NO_ENCONTRADO
7790040144125, 312902
7790040719804, 163264
7790040003569, 101335
7790040374706, NO_ENCONTRADO
7790580697303, 139319
7790040141254, 315364
7790040147775, NO_ENCONTRADO
7790040144088, 311935
7790040143920, 315329
7790040144095, 311216
7790040143937, 312904
7790040143944, 312905
7790040144071, 312159
7790040142763, NO_ENCONTRADO
7790040133587, NO_ENCONTRADO
7790040133594, 292546
7790040991910, NO_ENCONTRADO
7790040375000, NO_ENCONTRADO
7790040129764, NO_ENCONTRADO
7790040613607, 113860
7790040613706, 113858
7790040613904, 132292
7790040614000, NO_ENCONTRADO
7790040150010, NO_ENCONTRADO
7790040150072, 317788
7790040659605, NO_ENCONTRADO
7790040405301, 270444
7790040953703, NO_ENCONTRADO
7790580142384, NO_ENCONTRADO
7790580131135, NO_ENCONTRADO
7790580131111, NO_ENCONTRADO
7790580147556, NO_ENCONTRADO
7790580142414, NO_ENCONTRADO
7790580392604, NO_ENCONTRADO
7790580346614, NO_ENCONTRADO
7790580146948, NO_ENCONTRADO
7790580346508, 136955
7790580109646, 258397
7790580141301, NO_ENCONTRADO
7790580141714, NO_ENCONTRADO
7790580142513, NO_ENCONTRADO
7790580141394, NO_ENCONTRADO
7790580131562, NO_ENCONTRADO
7790580146856, NO_ENCONTRADO
7790580131586, NO_ENCONTRADO
7790580121716, 318427
7790580121723, 318428
7790580123215, 318429
7790580123222, 318425
7790580141707, NO_ENCONTRADO
7790580111755, 266486
7790580123741, 279729
7790580135942, NO_ENCONTRADO
7790580122652, NO_ENCONTRADO
7790580118235, NO_ENCONTRADO
7790580151539, NO_ENCONTRADO
7790580139872, NO_ENCONTRADO
77947505, NO_ENCONTRADO
7790580131371, 285115
77953537, NO_ENCONTRADO
77961815, NO_ENCONTRADO
77990679, NO_ENCONTRADO
7790580119157, 243392
77958921, NO_ENCONTRADO
7790580146924, NO_ENCONTRADO
77956712, NO_ENCONTRADO
7790580300609, NO_ENCONTRADO
7790580135775, NO_ENCONTRADO
77989772, NO_ENCONTRADO
77990754, NO_ENCONTRADO
7790580131388, 285114
7790580106195, 236399
7790580139223, NO_ENCONTRADO
7790580106027, NO_ENCONTRADO
7790580136444, NO_ENCONTRADO
7790580141738, NO_ENCONTRADO
7790580111243, NO_ENCONTRADO
7790580139780, NO_ENCONTRADO
7790580139797, NO_ENCONTRADO
7790580120085, 318430
7790580327415, 153242
7790580107635, 245329
7790580327613, NO_ENCONTRADO
7790580116583, 263930
7790580418106, NO_ENCONTRADO
7790580415808, 100962
7790580423001, NO_ENCONTRADO
7790580120078, 318431
7790580463403, 263895
7790580587802, NO_ENCONTRADO
7790580120092, NO_ENCONTRADO
7790580607418, 178542
7790580607210, 228529
7790580104375, NO_ENCONTRADO
7790580135140, NO_ENCONTRADO
7790580123734, NO_ENCONTRADO
7790580102852, NO_ENCONTRADO
7790580102890, 318433
7790580103279, 318435
7790580118655, 318437
7790580146047, 313026
7790580103415, NO_ENCONTRADO
7790580103446, 172991
7790580103453, 232997
7790580103439, NO_ENCONTRADO
7790580033408, 172994
77948403, NO_ENCONTRADO
7790580103743, 232312
77981912, NO_ENCONTRADO
7790580105013, 244925
77953124, NO_ENCONTRADO
77922120, NO_ENCONTRADO
7790580115579, 266487
7790580115562, NO_ENCONTRADO
7790580103538, 243774
7790580132750, NO_ENCONTRADO
7790580033507, NO_ENCONTRADO
7790580127336, NO_ENCONTRADO
77960474, NO_ENCONTRADO
7790580132958, NO_ENCONTRADO
7790580146092, 312465
7790580116842, 265299
7790580106560, 245331
7790580123642, NO_ENCONTRADO
7794612066310, 101926
7794612065719, 101924
77916389, NO_ENCONTRADO
77916396, NO_ENCONTRADO
77939753, NO_ENCONTRADO
77951113, NO_ENCONTRADO
7790580120702, 272308
7622202236846, NO_ENCONTRADO
7622201682026, NO_ENCONTRADO
7622201702717, 293969
7622201702625, 293968
7622201703080, 284852
7622201702687, NO_ENCONTRADO
7622201703202, NO_ENCONTRADO
7622201702656, NO_ENCONTRADO
7622201704148, NO_ENCONTRADO
7622201703110, 293972
7622201703059, NO_ENCONTRADO
7622201703141, 293971
7622201703233, NO_ENCONTRADO
7622201703172, 284377
7622201735746, 294294
7622201745738, NO_ENCONTRADO
7622201745967, NO_ENCONTRADO
7622201745936, NO_ENCONTRADO
7622201746490, NO_ENCONTRADO
7622201735685, 284372
7622201733865, NO_ENCONTRADO
7622201705992, 284869
7622201735715, 294293
7622201745707, 294296
7622201735777, 294295
7622201735371, 284371
7622201735340, 294291
7622201705961, 294290
7622202241505, NO_ENCONTRADO
7622202241567, 315408
7622202218729, 312520
7622300742645, 186498
7622300829728, 219280
7794600004539, 100652
7622202210051, 320353
7622202210075, 316315
7622201735845, NO_ENCONTRADO
7622202049033, 313957
7622201735258, NO_ENCONTRADO
7622201735296, 290324
7622201735821, 290492
7622202302862, NO_ENCONTRADO
7622202049057, NO_ENCONTRADO
7622201806538, 284284
7622201761288, 226274
7622202219337, NO_ENCONTRADO
7622202038099, 312235
7622201806552, 288807
7622201740368, NO_ENCONTRADO
7622201735906, 290331
7622201740399, 267151
7622201735883, 290330
7622201808884, 283896
7622300742676, 186094
7622201735319, 286194
7622201386719, NO_ENCONTRADO
7622201504007, NO_ENCONTRADO
7622201808860, 283897
7622201385279, 285272
7622201385255, NO_ENCONTRADO
7622201745585, 290328
7622201745561, 290329
7622300335076, 144397
7622201745547, 219298
7622201503987, 296347
7622201745639, NO_ENCONTRADO
7622201503963, 296348
7622201745905, 296346
7622201736033, 296345
7622201745981, NO_ENCONTRADO
7622201746032, NO_ENCONTRADO
7622201753061, 190250
7622202293733, 321231
7622300990749, 270205
7622210691835, 270204
77903778, NO_ENCONTRADO
7622202220074, NO_ENCONTRADO
7622300759490, 191741
7622300759506, NO_ENCONTRADO
77903785, NO_ENCONTRADO
7622300457303, 165423
7622300835620, NO_ENCONTRADO
77976307, NO_ENCONTRADO
77915481, NO_ENCONTRADO
7622202304705, NO_ENCONTRADO
7622202223372, NO_ENCONTRADO
77956699, NO_ENCONTRADO
7622300742584, 186009
77939234, NO_ENCONTRADO
7622202296291, NO_ENCONTRADO
77903792, NO_ENCONTRADO
77903860, NO_ENCONTRADO
77908308, NO_ENCONTRADO
7622210788207, 270578
7622210719829, NO_ENCONTRADO
7622201492465, 277562
7622201492717, 257094
7622300335090, 145355
77995681, NO_ENCONTRADO
7622300742935, 186684
7622201803285, 186008
77976291, NO_ENCONTRADO
77971630, NO_ENCONTRADO
77981325, NO_ENCONTRADO
7622201818654, NO_ENCONTRADO
7622201807405, NO_ENCONTRADO
7622201818609, 284447
7622201800505, NO_ENCONTRADO
7622201818739, NO_ENCONTRADO
7622201818579, 284446
7622201818715, NO_ENCONTRADO
7622201818692, NO_ENCONTRADO
7622210795625, 272200
7622210745620, 271351
7622300990152, 265279
7622300844967, 229932
7622300990114, 265277
7622300134532, NO_ENCONTRADO
7622210745293, 271466
7622300990183, 265280
7622202328947, 271350
7622300844943, 229924
7622201812775, 284437
7622201818951, 284450
7622201812805, NO_ENCONTRADO
7622201812744, 284436
7622201818937, ERROR
